  0  0  0 0.00 0.00 0.00     0 0.00 0.00 0.00     0 10.24 32.30 28.32     0 0.000
  0  0  0 0.00 0.00 0.00     0 0.00 0.00 0.00     0 10.14 32.20 28.08     0 0.000
  0  0  0 0.00 0.00 0.00     0 0.00 0.00 0.00     0 10.24 32.30 28.32     0 0.000
  0  0  0 0.00 0.00 0.00     0 0.00 0.00 0.00     0 10.14 32.20 28.08     0 0.000
  0  0  0 0.00 0.00 0.00     0 0.00 0.00 0.00     0 10.22 32.28 28.36     0 0.000
  0  0  0 0.00 0.00 0.00     0 0.00 0.00 0.00     0 10.10 32.20 27.92     0 0.000
  0  0  0 0.00 0.00 0.00     0 0.00 0.00 0.00     0 10.10 32.20 27.92     0 0.000
  0  0  0 0.00 0.00 0.00     0 0.00 0.00 0.00     0 10.10 32.20 27.92     0 0.000
  0  0  0 0.00 0.00 0.00     0 0.00 0.00 0.00     0 10.10 32.20 27.92     0 0.000
  0  0  0 0.00 0.00 0.00     0 0.00 0.00 0.00     0 10.10 32.20 27.92     0 0.000
  0  0  0 0.00 0.00 0.00     0 0.00 0.00 0.00     0 10.10 32.20 27.92     0 0.000
  0  0  0 0.00 0.00 0.00     0 0.00 0.00 0.00     0 10.10 32.20 27.92     0 0.000
  0  0  0 0.00 0.00 0.00     0 0.00 0.00 0.00     0 10.89 32.17 29.73     0 0.000
  0  0  0 0.00 0.00 0.00     0 0.00 0.00 0.00     0 10.89 32.17 29.73     0 0.000
  0  0  0 0.00 0.00 0.00     0 0.00 0.00 0.00     0 10.89 32.17 29.73     0 0.000
  0  0  0 0.00 0.00 0.00     0 0.00 0.00 0.00     0 10.89 32.17 29.73     0 0.000
  0  0  0 0.00 0.00 0.00     0 0.00 0.00 0.00     0 10.89 32.17 29.73     0 0.000
  0  0  0 0.00 0.00 0.00     0 0.00 0.00 0.00     0 10.89 32.17 29.73     0 0.000
  0  0  0 0.00 0.00 0.00     0 0.00 0.00 0.00     0 10.10 32.20 27.92     0 0.000
  0  0  0 0.00 0.00 0.00     0 0.00 0.00 0.00     0 10.10 32.20 27.92     0 0.000
  0  0  0 0.00 0.00 0.00     0 0.00 0.00 0.00     0 9.72 33.01 27.67     0 0.000
  0  0  0 0.00 0.00 0.00     0 0.00 0.00 0.00     0 9.65 32.82 29.17     0 0.000
  0  0  0 0.00 0.00 0.00     0 0.00 0.00 0.00     0 9.63 32.51 28.50     0 0.000
  0  0  0 0.00 0.00 0.00     0 0.00 0.00 0.00     0 9.82 32.72 28.40     0 0.000
  0  0  0 0.00 0.00 0.00     0 0.00 0.00 0.00     0 11.11 23.46 18.87     0 0.000
  0  0  0 0.00 0.00 0.00     0 0.00 0.00 0.00     0 11.39 23.78 18.67     0 0.000
  0  0  0 0.00 0.00 0.00     0 0.00 0.00 0.00     0 11.47 24.38 19.27     0 0.000
  0  0  0 0.00 0.00 0.00     0 0.00 0.00 0.00     0 10.64 24.25 21.94     0 0.000
  0  0  0 0.00 0.00 0.00     0 0.00 0.00 0.00     0 9.88 32.21 28.01     0 0.000
  0  0  0 0.00 0.00 0.00     0 0.00 0.00 0.00     0 9.88 32.21 28.01     0 0.000
  0  0  0 0.00 0.00 0.00     0 0.00 0.00 0.00     0 9.88 32.21 28.01     0 0.000
  0  0  0 0.00 0.00 0.00     0 0.00 0.00 0.00     0 9.88 32.21 28.01     0 0.000
  0  0  0 0.00 0.00 0.00     0 0.00 0.00 0.00     0 10.03 33.02 28.96     0 0.000
  0  0  0 0.00 0.00 0.00     0 0.00 0.00 0.00     0 9.88 32.21 28.01     0 0.000
  0  0  0 0.00 0.00 0.00     0 0.00 0.00 0.00     0 9.88 32.21 28.01     0 0.000
  0  0  0 0.00 0.00 0.00     0 0.00 0.00 0.00     0 9.88 32.21 28.01     0 0.000
  0  0 30 0.00 0.00 0.00     0 0.00 0.00 0.00     0 10.09 32.45 27.99     0 0.000
  0  0 30 0.00 0.00 0.00     0 0.00 0.00 0.00     0 9.90 33.30 28.92     0 0.000
  0  0 30 0.00 0.00 0.00     0 0.00 0.00 0.00     0 10.09 32.45 27.99     0 0.000
  0  0 30 0.00 0.00 0.00     0 0.00 0.00 0.00     0 9.90 33.30 28.92     0 0.000
  0  0 30 0.00 0.00 0.00     0 0.00 0.00 0.00     0 10.09 32.45 27.99     0 0.000
  0  0 30 0.00 0.00 0.00     0 0.00 0.00 0.00     0 9.90 33.30 28.92     0 0.000
  0  0 25 0.00 0.00 0.00     0 0.00 0.00 0.00     0 10.86 32.47 29.75     0 0.000
  0  0 25 0.00 0.00 0.00     0 0.00 0.00 0.00     0 10.86 32.47 29.75     0 0.000
  0  0 25 0.00 0.00 0.00     0 0.00 0.00 0.00     0 9.95 32.34 27.99     0 0.000
  0  0 25 0.00 0.00 0.00     0 0.00 0.00 0.00     0 9.87 27.02 24.91     0 0.000
  0  0 25 0.00 0.00 0.00     0 0.00 0.00 0.00     0 10.89 32.63 29.86     0 0.000
  0  0 25 0.00 0.00 0.00     0 0.00 0.00 0.00     0 10.92 32.57 29.73     0 0.000
  0  0 25 0.00 0.00 0.00     0 0.00 0.00 0.00     0 9.71 25.95 23.85     0 0.000
  0  0 25 0.00 0.00 0.00     0 0.00 0.00 0.00     0 10.99 32.42 29.87     0 0.000
  0  0 25 0.00 0.00 0.00     0 0.00 0.00 0.00     0 9.62 25.01 22.93     0 0.000
  0  0 25 0.00 0.00 0.00     0 0.00 0.00 0.00     0 10.95 31.87 29.32     0 0.000
  0  0 25 0.00 0.00 0.00     0 0.00 0.00 0.00     0 9.42 21.89 19.42     0 0.000
  0  0 25 0.00 0.00 0.00     0 0.00 0.00 0.00     0 10.72 28.03 24.48     0 0.000
  0  0 25 0.00 0.00 0.00     0 0.00 0.00 0.00     0 10.65 28.08 24.40     0 0.000
  0  0 25 0.00 0.00 0.00     0 0.00 0.00 0.00     0 10.95 31.77 29.31     0 0.000
  0  0 25 0.00 0.00 0.00     0 0.00 0.00 0.00     0 10.95 31.77 29.31     0 0.000
  0  0 25 0.00 0.00 0.00     0 0.00 0.00 0.00     0 10.97 32.16 29.38     0 0.000
  0  0 25 0.00 0.00 0.00     0 0.00 0.00 0.00     0 10.76 28.42 24.75     0 0.000
  0  0 25 0.00 0.00 0.00     0 0.00 0.00 0.00     0 10.97 32.16 29.38     0 0.000
  0  0 25 0.00 0.00 0.00     0 0.00 0.00 0.00     0 10.76 28.42 24.75     0 0.000
  0  0 25 0.00 0.00 0.00     0 0.00 0.00 0.00     0 10.97 32.16 29.38     0 0.000
  0  0 25 0.00 0.00 0.00     0 0.00 0.00 0.00     0 10.97 32.16 29.38     0 0.000
  0  0 25 0.00 0.00 0.00     0 0.00 0.00 0.00     0 10.76 28.42 24.75     0 0.000
  0  0 25 0.00 0.00 0.00     0 0.00 0.00 0.00     0 10.97 32.16 29.38     0 0.000
  0  0 25 0.00 0.00 0.00     0 0.00 0.00 0.00     0 10.76 28.42 24.75     0 0.000
  0  0 25 0.00 0.00 0.00     0 0.00 0.00 0.00     0 10.97 32.16 29.38     0 0.000
  0  0 25 0.00 0.00 0.00     0 0.00 0.00 0.00     0 10.76 28.42 24.75     0 0.000
  0  0 25 0.00 0.00 0.00     0 0.00 0.00 0.00     0 10.97 32.16 29.38     0 0.000
  0  0 25 0.00 0.00 0.00     0 0.00 0.00 0.00     0 10.97 32.16 29.38     0 0.000
  0  0 25 0.00 0.00 0.00     0 0.00 0.00 0.00     0 10.97 32.16 29.38     0 0.000
  0  0 25 0.00 0.00 0.00     0 0.00 0.00 0.00     0 10.97 32.16 29.38     0 0.000
  0  0 25 0.00 0.00 0.00     0 0.00 0.00 0.00     0 10.76 28.42 24.75     0 0.000
  0  0 25 0.00 0.00 0.00     0 0.00 0.00 0.00     0 10.68 29.13 24.26     0 0.000
  0  0 25 0.00 0.00 0.00     0 0.00 0.00 0.00     0 10.74 29.72 23.49     0 0.000
  0  0 25 0.00 0.00 0.00     0 0.00 0.00 0.00     0 10.97 32.16 29.38     0 0.000
  0  0 25 0.00 0.00 0.00     0 0.00 0.00 0.00     0 10.76 28.42 24.75     0 0.000
  0  0 25 0.00 0.00 0.00     0 0.00 0.00 0.00     0 10.68 29.13 24.26     0 0.000
  0  0 25 0.00 0.00 0.00     0 0.00 0.00 0.00     0 10.74 29.72 23.49     0 0.000
  0  0 25 0.00 0.00 0.00     0 0.00 0.00 0.00     0 10.97 32.16 29.38     0 0.000
  0  0 25 0.00 0.00 0.00     0 0.00 0.00 0.00     0 10.97 32.16 29.38     0 0.000
  0  0 25 0.00 0.00 0.00     0 0.00 0.00 0.00     0 10.97 32.16 29.38     0 0.000
  0  0 25 0.00 0.00 0.00     0 0.00 0.00 0.00     0 10.76 28.42 24.75     0 0.000
  0  0 25 0.00 0.00 0.00     0 0.00 0.00 0.00     0 10.68 29.13 24.26     0 0.000
  0  0 25 0.00 0.00 0.00     0 0.00 0.00 0.00     0 10.74 29.72 23.49     0 0.000
  0  0 25 0.00 0.00 0.00     0 0.00 0.00 0.00     0 10.73 29.25 23.41     0 0.000
  0  0 25 0.00 0.00 0.00     0 0.00 0.00 0.00     0 10.95 28.72 25.19     0 0.000
  0  0 25 0.00 0.00 0.00     0 0.00 0.00 0.00     0 10.80 29.17 24.27     0 0.000
  0  0 25 0.00 0.00 0.00     0 0.00 0.00 0.00     0 10.73 28.88 23.55     0 0.000
  0  0 25 0.00 0.00 0.00     0 0.00 0.00 0.00     0 10.11 32.37 28.01     0 0.000
  0  0 25 0.00 0.00 0.00     0 0.00 0.00 0.00     0 9.72 33.15 27.69     0 0.000
  0  0 25 0.00 0.00 0.00     0 0.00 0.00 0.00     0 9.65 32.99 29.21     0 0.000
  0  0 25 0.00 0.00 0.00     0 0.00 0.00 0.00     0 9.64 32.64 28.54     0 0.000
  0  0 25 0.00 0.00 0.00     0 0.00 0.00 0.00     0 9.83 32.80 28.43     0 0.000
  0  0 25 0.00 0.00 0.00     0 0.00 0.00 0.00     0 7.68 26.66 29.78     0 0.000
  0  0 35 0.00 0.00 0.00     0 0.00 0.00 0.00     0 7.63 27.02 30.13     0 0.000
  0  0 24 0.00 0.00 0.00     0 0.00 0.00 0.00     0 7.85 26.62 29.70     0 0.000
  0  0 35 0.00 0.00 0.00     0 0.00 0.00 0.00     0 7.63 27.02 30.13     0 0.000
  0  0 24 0.00 0.00 0.00     0 0.00 0.00 0.00     0 7.85 26.62 29.70     0 0.000
  0  0 35 0.00 0.00 0.00     0 0.00 0.00 0.00     0 7.63 27.02 30.13     0 0.000
  0  0 24 0.00 0.00 0.00     0 0.00 0.00 0.00     0 7.85 26.62 29.70     0 0.000
  0  0 35 0.00 0.00 0.00     0 0.00 0.00 0.00     0 7.63 27.02 30.13     0 0.000
  0  0  0 0.00 0.00 0.00     0 0.00 0.00 0.00     0 7.03 26.48 29.55     0 0.000
  0  0  0 0.00 0.00 0.00     0 0.00 0.00 0.00     0 7.03 26.48 29.55     0 0.000
  0  0 25 0.00 0.00 0.00     0 0.00 0.00 0.00     0 10.09 10.12 10.22     0 0.000
  0  0 25 0.00 0.00 0.00     0 0.00 0.00 0.00     0 10.09 10.12 10.22     0 0.000
  0  0 25 0.00 0.00 0.00     0 0.00 0.00 0.00     0 10.09 10.12 10.22     0 0.000
  0  0 25 0.00 0.00 0.00     0 0.00 0.00 0.00     0 7.75 26.64 29.74     0 0.000
  0  0 25 0.00 0.00 0.00     0 0.00 0.00 0.00     0 7.75 26.64 29.74     0 0.000
  0  0 25 0.00 0.00 0.00     0 0.00 0.00 0.00     0 7.69 26.66 29.77     0 0.000
  0  0  0 0.00 0.00 0.00     0 0.00 0.00 0.00     0 7.03 26.48 29.55     0 0.000
  0  0 24 0.00 0.00 0.00     0 0.00 0.00 0.00     0 7.85 26.62 29.70     0 0.000
  0  0 35 0.00 0.00 0.00     0 0.00 0.00 0.00     0 7.63 27.02 30.13     0 0.000
  0  0  0 0.00 0.00 0.00     0 0.00 0.00 0.00     0 7.03 26.48 29.55     0 0.000
  0  0 24 0.00 0.00 0.00     0 0.00 0.00 0.00     0 7.85 26.62 29.70     0 0.000
  0  0 35 0.00 0.00 0.00     0 0.00 0.00 0.00     0 7.63 27.02 30.13     0 0.000
  0  0 25 0.00 0.00 0.00     0 0.00 0.00 0.00     0 8.20 26.61 29.51     0 0.000
  0  0 25 0.00 0.00 0.00     0 0.00 0.00 0.00     0 8.19 26.62 29.49     0 0.000
  0  0 25 0.00 0.00 0.00     0 0.00 0.00 0.00     0 8.23 26.59 29.48     0 0.000
  0  0  0 0.00 0.00 0.00     0 0.00 0.00 0.00     0 7.03 26.48 29.55     0 0.000
  0  0  0 0.00 0.00 0.00     0 0.00 0.00 0.00     0 7.03 26.48 29.55     0 0.000
  0  0  0 0.00 0.00 0.00     0 0.00 0.00 0.00     0 7.03 26.48 29.55     0 0.000
  0  0  0 0.00 0.00 0.00     0 0.00 0.00 0.00     0 7.03 26.48 29.55     0 0.000
  0  0  0 0.00 0.00 0.00     0 0.00 0.00 0.00     0 7.03 26.48 29.55     0 0.000
  0  0  0 0.00 0.00 0.00     0 0.00 0.00 0.00     0 7.03 26.48 29.55     0 0.000
  0  0  0 0.00 0.00 0.00     0 0.00 0.00 0.00     0 7.03 26.48 29.55     0 0.000
  0  0  0 0.00 0.00 0.00     0 0.00 0.00 0.00     0 7.03 26.48 29.55     0 0.000
  0  0  0 0.00 0.00 0.00     0 0.00 0.00 0.00     0 7.03 26.48 29.55     0 0.000
  0  0  0 0.00 0.00 0.00     0 0.00 0.00 0.00     0 7.03 26.48 29.55     0 0.000
  0  0  0 0.00 0.00 0.00     0 0.00 0.00 0.00     0 7.03 26.48 29.55     0 0.000
  0  0  0 0.00 0.00 0.00     0 0.00 0.00 0.00     0 7.03 26.48 29.55     0 0.000
  0  0  0 0.00 0.00 0.00     0 0.00 0.00 0.00     0 7.03 26.48 29.55     0 0.000
  0  0  0 0.00 0.00 0.00     0 0.00 0.00 0.00     0 7.03 26.48 29.55     0 0.000
  0  0  0 0.00 0.00 0.00     0 0.00 0.00 0.00     0 7.03 26.48 29.55     0 0.000
  0  0 20 0.00 0.00 0.00     0 0.00 0.00 0.00     0 8.33 26.23 29.07     0 0.000
  0  0 20 0.00 0.00 0.00     0 0.00 0.00 0.00     0 8.33 26.23 29.07     0 0.000
  0  0 20 0.00 0.00 0.00     0 0.00 0.00 0.00     0 8.33 26.23 29.07     0 0.000
  0  0 20 0.00 0.00 0.00     0 0.00 0.00 0.00     0 8.33 26.23 29.07     0 0.000
  0  0 20 0.00 0.00 0.00     0 0.00 0.00 0.00     0 8.33 26.23 29.07     0 0.000
  0  0 20 0.00 0.00 0.00     0 0.00 0.00 0.00     0 8.33 26.23 29.07     0 0.000
  0  0 20 0.00 0.00 0.00     0 0.00 0.00 0.00     0 8.33 26.23 29.07     0 0.000
  0  0 20 0.00 0.00 0.00     0 0.00 0.00 0.00     0 8.33 26.23 29.07     0 0.000
  0  0 20 0.00 0.00 0.00     0 0.00 0.00 0.00     0 8.33 26.23 29.07     0 0.000
  0  0 20 0.00 0.00 0.00     0 0.00 0.00 0.00     0 8.33 26.23 29.07     0 0.000
  0  0 20 0.00 0.00 0.00     0 0.00 0.00 0.00     0 8.33 26.23 29.07     0 0.000
  0  0 20 0.00 0.00 0.00     0 0.00 0.00 0.00     0 8.33 26.23 29.07     0 0.000
  0  0 20 0.00 0.00 0.00     0 0.00 0.00 0.00     0 8.33 26.23 29.07     0 0.000
  0  0 20 0.00 0.00 0.00     0 0.00 0.00 0.00     0 8.33 26.23 29.07     0 0.000
  0  0 20 0.00 0.00 0.00     0 0.00 0.00 0.00     0 8.33 26.23 29.07     0 0.000
  0  0 20 0.00 0.00 0.00     0 0.00 0.00 0.00     0 8.33 26.23 29.07     0 0.000
  0  0 20 0.00 0.00 0.00     0 0.00 0.00 0.00     0 8.33 26.23 29.07     0 0.000
  0  0 20 0.00 0.00 0.00     0 0.00 0.00 0.00     0 8.33 26.23 29.07     0 0.000
  0  0 20 0.00 0.00 0.00     0 0.00 0.00 0.00     0 8.33 26.23 29.07     0 0.000
