  1  0  0 70.26 74.53 76.05 12512 0.00 0.00 0.00     0 70.26 74.53 76.05 12512     0 0.063
  1  0  0 70.15 74.84 74.06 12696 0.00 0.00 0.00     0 70.15 74.84 74.06 12696     0 0.071
  1  0  0 70.26 74.53 76.05 12512 0.00 0.00 0.00     0 70.26 74.53 76.05 12512     0 0.053
  1  0  0 70.15 74.84 74.06 12696 0.00 0.00 0.00     0 70.15 74.84 74.06 12696     0 0.061
 10  0  0 70.26 74.53 76.05 12512 0.00 0.00 0.00     0 67.55 68.13 68.75  6471     0 0.176
 10  0  0 70.15 74.84 74.06 12696 0.00 0.00 0.00     0 67.07 68.55 68.33  6307     0 0.173
 10  0  0 70.15 74.84 74.06 12696 0.00 0.00 0.00     0 67.07 68.55 68.33  6307     0 0.200
 10  0  0 70.15 74.84 74.06 12696 0.00 0.00 0.00     0 67.07 68.55 68.33  6307     0 0.199
 10  0  0 70.15 74.84 74.06 12696 0.00 0.00 0.00     0 67.07 68.55 68.33  6307     0 0.177
 10  0  0 70.15 74.84 74.06 12696 0.00 0.00 0.00     0 67.07 68.55 68.33  6307     0 0.176
 10  0  0 70.15 74.84 74.06 12696 0.00 0.00 0.00     0 67.07 68.55 68.33  6307     0 0.175
 10  0  0 70.15 74.84 74.06 12696 0.00 0.00 0.00     0 67.07 68.55 68.33  6307     0 0.176
 10  0  0 71.51 74.53 75.05 10080 0.00 0.00 0.00     0 67.71 68.43 68.43  6293     0 0.176
 10  0  0 71.51 74.53 75.05 10080 0.00 0.00 0.00     0 67.71 68.43 68.43  6293     0 0.202
 10  0  0 71.51 74.53 75.05 10080 0.00 0.00 0.00     0 66.75 68.24 68.27  3874     0 0.075
 10  0  0 71.51 74.53 75.05 10080 0.00 0.00 0.00     0 66.75 68.24 68.27  3874     0 0.076
 10  0  0 71.51 74.53 75.05 10080 0.00 0.00 0.00     0 69.30 68.29 68.46 21380     0 0.091
 10  0  0 71.51 74.53 75.05 10080 0.00 0.00 0.00     0 68.35 68.39 68.43 10632     0 0.204
 10  0  0 70.15 74.84 74.06 12696 0.00 0.00 0.00     0 67.07 68.55 68.33  6307     0 0.115
 10  0  0 70.15 74.84 74.06 12696 0.00 0.00 0.00     0 67.07 68.55 68.33  6307     0 0.137
 10  0  0 70.53 75.52 72.83 12576 0.00 0.00 0.00     0 67.19 68.16 67.37  9297     0 0.139
 10  0  0 70.14 75.17 73.33 12424 0.00 0.00 0.00     0 67.61 68.44 68.28  6132     0 0.107
 10  0  0 70.99 75.91 73.26 11976 0.00 0.00 0.00     0 67.88 68.59 67.85  6882     0 0.112
 10  0  0 70.39 74.15 72.97 12584 0.00 0.00 0.00     0 67.11 67.58 67.35  8521     0 0.127
 10  0  0 70.99 73.18 70.55 11248 0.00 0.00 0.00     0 67.55 67.10 66.94 10368     0 0.136
 10  0  0 70.19 72.04 69.96 11736 0.00 0.00 0.00     0 66.96 66.83 66.35  7167     0 0.112
 10  0  0 70.40 72.21 70.67 11840 0.00 0.00 0.00     0 67.15 67.10 66.91  7986     0 0.119
 10  0  0 70.65 69.53 69.00 12344 0.00 0.00 0.00     0 68.45 67.14 66.85  7441     0 0.114
124  0  0 70.15 74.84 74.06 12704 0.00 0.00 0.00     0 66.93 66.02 66.37  6682     0 0.120
124  0  0 70.15 74.84 74.06 12704 0.00 0.00 0.00     0 66.93 66.02 66.37  6682     0 0.138
124  0  0 70.15 74.84 74.06 12704 0.00 0.00 0.00     0 66.93 66.02 66.37  6682     0 0.121
124  0  0 70.15 74.84 74.06 12704 0.00 0.00 0.00     0 66.93 66.02 66.37  6682     0 0.119
260  0  0 70.53 75.52 72.83 12584 0.00 0.00 0.00     0 66.87 65.44 65.42  7046     0 0.153
124  0  0 70.15 74.84 74.06 12704 0.00 0.00 0.00     0 66.93 66.02 66.37  6682     0 0.129
124  0  0 70.15 74.84 74.06 12704 0.00 0.00 0.00     0 66.93 66.02 66.37  6682     0 0.121
124  0  0 70.15 74.84 74.06 12704 0.00 0.00 0.00     0 66.93 66.02 66.37  6682     0 0.133
124 30 30 38.27 45.66 45.33  8400 0.00 0.00 0.00     0 38.88 45.42 45.58  2158     0 0.176
260 30 30 39.14 45.56 44.68  8088 0.00 0.00 0.00     0 39.39 45.40 45.19  2138     0 0.168
124 30 30 38.27 45.66 45.33  8400 0.00 0.00 0.00     0 38.88 45.42 45.58  2158     0 0.172
260 30 30 39.14 45.56 44.68  8088 0.00 0.00 0.00     0 39.39 45.40 45.19  2138     0 0.170
124 30 30 38.27 45.66 45.33  8400 0.00 0.00 0.00     0 38.88 45.42 45.58  2158     0 0.172
260 30 30 39.14 45.56 44.68  8088 0.00 0.00 0.00     0 39.39 45.40 45.19  2138     0 0.180
118 25 25 44.44 49.15 48.25  7120 0.00 0.00 0.00     0 45.08 48.43 47.60  2838     0 0.173
118 25 25 44.44 49.15 48.25  7120 0.00 0.00 0.00     0 45.08 48.43 47.60  2838     0 0.166
124 25 25 42.25 48.77 48.67  9944 0.00 0.00 0.00     0 42.56 47.75 47.55  3377     0 0.190
118 25 25 44.44 49.15 48.25  7120 0.00 0.00 0.00     0 45.08 48.43 47.60  2838     0 0.242
118 25 25 44.44 49.15 48.25  7120 0.00 0.00 0.00     0 45.08 48.43 47.60  2838     0 0.325
147 25 25 44.48 48.75 48.09  6960 0.00 0.00 0.00     0 44.97 48.12 47.55  2826     0 0.310
147 25 25 44.48 48.75 48.09  6960 0.00 0.00 0.00     0 44.97 48.12 47.55  2826     0 0.370
225 25 25 44.09 48.74 47.86  7552 0.00 0.00 0.00     0 44.80 47.37 46.85  2485     0 0.417
225 25 25 44.09 48.74 47.86  7552 0.00 0.00 0.00     0 44.80 47.37 46.85  2485     0 0.371
277 25 25 44.06 48.96 48.26  7400 0.00 0.00 0.00     0 45.03 47.98 47.06  2634     0 0.302
277 25 25 44.06 48.96 48.26  7400 0.00 0.00 0.00     0 45.03 47.98 47.06  2634     0 0.302
177 25 25 41.54 45.53 44.98  9728 0.00 0.00 0.00     0 42.19 44.75 44.41  4533     0 0.321
177 25 25 41.54 45.53 44.98  9728 0.00 0.00 0.00     0 42.19 44.75 44.41  4533     0 0.272
277 25 25 44.06 48.96 48.26  7400 0.00 0.00 0.00     0 45.03 47.98 47.06  2634     0 0.154
277 25 25 44.06 48.96 48.26  7400 0.00 0.00 0.00     0 45.03 47.98 47.06  2634     0 0.172
 10 25 25 44.06 48.96 48.26  7400 0.00 0.00 0.00     0 44.50 48.90 48.12  2712     0 0.142
 10 25 25 41.54 45.53 44.98  9720 0.00 0.00 0.00     0 41.65 45.38 44.89  4241     0 0.139
 10 25 25 44.06 48.96 48.26  7400 0.00 0.00 0.00     0 44.50 48.90 48.12  2712     0 0.136
 10 25 25 41.54 45.53 44.98  9720 0.00 0.00 0.00     0 41.65 45.38 44.89  4241     0 0.146
 10 25 25 44.06 48.96 48.26  7400 0.00 0.00 0.00     0 44.50 48.90 48.12  2712     0 0.136
 10 25 25 44.06 48.96 48.26  7400 0.00 0.00 0.00     0 44.50 48.90 48.12  2712     0 0.144
 10 25 25 41.54 45.53 44.98  9720 0.00 0.00 0.00     0 41.65 45.38 44.89  4241     0 0.140
 10 25 25 44.06 48.96 48.26  7400 0.00 0.00 0.00     0 44.50 48.90 48.12  2712     0 0.140
 10 25 25 41.54 45.53 44.98  9720 0.00 0.00 0.00     0 41.65 45.38 44.89  4241     0 0.137
 10 25 25 44.06 48.96 48.26  7400 0.00 0.00 0.00     0 44.50 48.90 48.12  2712     0 0.166
 10 25 25 41.54 45.53 44.98  9720 0.00 0.00 0.00     0 41.65 45.38 44.89  4241     0 0.162
 10 25 25 44.06 48.96 48.26  7400 0.00 0.00 0.00     0 44.50 48.90 48.12  2712     0 0.161
 10 25 25 44.06 48.96 48.26  7400 0.00 0.00 0.00     0 44.50 48.90 48.12  2712     0 0.161
 10 25 25 44.06 48.96 48.26  7400 0.00 0.00 0.00     0 44.50 48.90 48.12  2712     0 0.163
 10 25 25 44.06 48.96 48.26  7400 0.00 0.00 0.00     0 44.50 48.90 48.12  2712     0 0.145
 10 25 25 41.54 45.53 44.98  9720 0.00 0.00 0.00     0 41.65 45.38 44.89  4241     0 0.143
 10 25 25 41.57 45.72 45.11  9776 0.00 0.00 0.00     0 41.90 45.69 45.40  5222     0 0.151
 10 25 25 42.82 46.65 45.42  8480 0.00 0.00 0.00     0 43.05 46.63 45.48  3571     0 0.137
 10 25 25 44.06 48.96 48.26  7400 0.00 0.00 0.00     0 44.50 48.90 48.12  2712     0 0.145
 10 25 25 41.54 45.53 44.98  9720 0.00 0.00 0.00     0 41.65 45.38 44.89  4241     0 0.144
 10 25 25 41.57 45.72 45.11  9776 0.00 0.00 0.00     0 41.90 45.69 45.40  5222     0 0.152
 10 25 25 42.82 46.65 45.42  8480 0.00 0.00 0.00     0 43.05 46.63 45.48  3571     0 0.136
 10 25 25 44.06 48.96 48.26  7400 0.00 0.00 0.00     0 44.50 48.90 48.12  2712     0 0.145
 10 25 25 44.06 48.96 48.26  7400 0.00 0.00 0.00     0 44.50 48.90 48.12  2712     0 0.170
 10 25 25 44.06 48.96 48.26  7400 0.00 0.00 0.00     0 44.50 48.90 48.12  2712     0 0.153
 10 25 25 41.54 45.53 44.98  9720 0.00 0.00 0.00     0 41.65 45.38 44.89  4241     0 0.153
 10 25 25 41.57 45.72 45.11  9776 0.00 0.00 0.00     0 41.90 45.69 45.40  5222     0 0.163
 10 25 25 42.82 46.65 45.42  8480 0.00 0.00 0.00     0 43.05 46.63 45.48  3571     0 0.142
 10 25 25 42.70 46.34 45.17  8768 0.00 0.00 0.00     0 42.92 46.30 45.32  3670     0 0.150
 10 25 25 41.96 45.57 45.43  9384 0.00 0.00 0.00     0 42.17 45.35 45.34  3960     0 0.148
 10 25 25 41.85 45.69 44.46  9536 0.00 0.00 0.00     0 42.19 45.56 44.74  3164     0 0.157
 10 25 25 42.64 46.43 45.28  8720 0.00 0.00 0.00     0 42.99 46.42 45.47  3588     0 0.147
 10 25 25 42.25 48.77 48.67  9944 0.00 0.00 0.00     0 42.29 48.44 47.99  4008     0 0.188
 10 25 25 42.82 48.87 47.69  9520 0.00 0.00 0.00     0 42.65 48.34 47.42  5129     0 0.201
 10 25 25 42.49 49.25 48.66  9848 0.00 0.00 0.00     0 42.65 49.04 48.60  3552     0 0.180
 10 25 25 42.98 49.54 48.88  9392 0.00 0.00 0.00     0 42.91 49.29 48.58  3950     0 0.171
 10 25 25 42.28 49.42 48.18 10056 0.00 0.00 0.00     0 42.27 48.89 47.88  4897     0 0.192
246 25 25 41.65 43.45 44.47 28976 0.00 0.00 0.00     0 41.41 42.18 43.18  4557     0 0.103
246 25 25 41.65 43.45 44.47 28976 0.00 0.00 0.00     0 41.41 42.18 43.18  4557     0 0.104
246 35 35 33.44 38.16 39.38 22216 0.00 0.00 0.00     0 33.51 37.05 38.29 21844     0 0.123
246 35 35 33.44 38.16 39.38 22216 0.00 0.00 0.00     0 33.51 37.05 38.29 21844     0 0.120
246 24 24 42.22 43.90 44.90 28888 0.00 0.00 0.00     0 41.75 42.49 43.35 25106     0 0.177
246 35 35 33.44 38.16 39.38 22216 0.00 0.00 0.00     0 33.51 37.05 38.29 21844     0 0.119
246 24 24 42.22 43.90 44.90 28888 0.00 0.00 0.00     0 41.75 42.49 43.35 25106     0 0.125
246 35 35 33.44 38.16 39.38 22216 0.00 0.00 0.00     0 33.51 37.05 38.29 21844     0 0.119
246 24 24 42.22 43.90 44.90 28888 0.00 0.00 0.00     0 41.75 42.49 43.35 25106     0 0.132
246 35 35 33.44 38.16 39.38 22216 0.00 0.00 0.00     0 33.51 37.05 38.29 21844     0 0.126
246  0  0 71.29 69.95 69.99 33912 0.00 0.00 0.00     0 70.23 67.48 67.28 28983     0 0.123
246  0  0 71.29 69.95 69.99 33912 0.00 0.00 0.00     0 70.23 67.48 67.28 28983     0 0.130
246 25 25 41.65 43.45 44.47 28976 0.00 0.00 0.00     0 41.41 42.18 43.18  4557     0 0.102
  1 20 20 42.53 42.43 42.43 14104 0.00 0.00 0.00     0 42.53 42.43 42.43 14104     0 0.058
  1 20 20 42.53 42.43 42.43 14104 0.00 0.00 0.00     0 42.53 42.43 42.43 14104     0 0.058
246 25 25 41.65 43.45 44.47 28976 0.00 0.00 0.00     0 41.16 42.00 42.93 25111     0 0.126
246 25 25 41.65 43.45 44.47 28976 0.00 0.00 0.00     0 41.67 42.18 43.18  9418     0 0.151
246  0  0 71.29 69.95 69.99 33912 0.00 0.00 0.00     0 70.23 67.48 67.28 28983     0 0.118
246 24 24 42.22 43.90 44.90 28888 0.00 0.00 0.00     0 41.75 42.49 43.35 25106     0 0.127
246 35 35 33.44 38.16 39.38 22216 0.00 0.00 0.00     0 33.51 37.05 38.29 21844     0 0.133
246  0  0 71.29 69.95 69.99 33912 0.00 0.00 0.00     0 70.23 67.48 67.28 28983     0 0.115
246 24 24 42.22 43.90 44.90 28888 0.00 0.00 0.00     0 41.75 42.49 43.35 25106     0 0.135
246 35 35 33.44 38.16 39.38 22216 0.00 0.00 0.00     0 33.51 37.05 38.29 21844     0 0.123
246 25 25 41.65 43.45 44.47 28976 0.00 0.00 0.00     0 41.41 42.18 43.18  4557     0 0.106
 50 25 25 41.77 44.12 45.48  9952 0.00 0.00 0.00     0 41.31 42.19 43.38  4263     0 0.102
 50 25 25 41.77 44.12 45.48  9952 0.00 0.00 0.00     0 41.52 42.19 43.36  9104     0 0.150
 50 25 25 41.77 44.12 45.48  9952 0.00 0.00 0.00     0 41.25 42.16 43.28  7093     0 0.286
246  0  0 71.29 69.95 69.99 33912 0.00 0.00 0.00     0 70.23 67.48 67.28 28983     0 0.116
246  0  0 0.00 0.00 0.00 33912 0.00 0.00 0.00     0 0.00 0.00 0.00 28983     0 0.089
246  0  0 0.00 0.00 0.00 33912 0.00 0.00 0.00     0 0.00 0.00 0.00 28983     0 0.089
246  0  0 0.00 0.00 0.00 33912 0.00 0.00 0.00     0 0.00 0.00 0.00 28983     0 0.090
246  0  0 0.00 0.00 0.00 33912 0.00 0.00 0.00     0 0.00 0.00 0.00 28983     0 0.090
246  0  0 0.00 0.00 0.00 33912 0.00 0.00 0.00     0 0.00 0.00 0.00 28983     0 0.079
246  0  0 0.00 0.00 0.00 33912 0.00 0.00 0.00     0 0.00 0.00 0.00 28983     0 0.081
246  0  0 0.00 0.00 0.00 33912 0.00 0.00 0.00     0 0.00 0.00 0.00 28983     0 0.081
246  0  0 0.00 0.00 0.00 33912 0.00 0.00 0.00     0 0.00 0.00 0.00 28983     0 0.080
246  0  0 0.00 0.00 0.00 33912 0.00 0.00 0.00     0 0.00 0.00 0.00 28983     0 0.080
246  0  0 0.00 0.00 0.00 33912 0.00 0.00 0.00     0 0.00 0.00 0.00 28983     0 0.078
246  0  0 0.00 0.00 0.00 33912 0.00 0.00 0.00     0 0.00 0.00 0.00 28983     0 0.079
246  0  0 0.00 0.00 0.00 33912 0.00 0.00 0.00     0 0.00 0.00 0.00 28983     0 0.078
246  0  0 0.00 0.00 0.00 33912 0.00 0.00 0.00     0 0.00 0.00 0.00 28983     0 0.080
246  0  0 0.00 0.00 0.00 33912 0.00 0.00 0.00     0 0.00 0.00 0.00 28983     0 0.083
 10 25 25 41.77 44.12 45.48  9952 0.00 0.00 0.00     0 41.14 42.79 43.92  8169     0 0.267
  2 20 20 45.92 47.92 48.81 10504 0.00 0.00 0.00     0 45.42 47.54 48.34  9208     0 0.146
  2 20 20 45.92 47.92 48.81 10504 0.00 0.00 0.00     0 45.42 47.54 48.34  9208     0 0.130
  2 20 20 45.92 47.92 48.81 10504 0.00 0.00 0.00     0 45.42 47.54 48.34  9208     0 0.151
  2 20 20 45.92 47.92 48.81 10504 0.00 0.00 0.00     0 45.42 47.54 48.34  9208     0 0.337
  2 20 20 45.92 47.92 48.81 10504 0.00 0.00 0.00     0 45.42 47.54 48.34  9208     0 0.342
  2 20 20 45.92 47.92 48.81 10504 0.00 0.00 0.00     0 45.42 47.54 48.34  9208     0 0.181
  2 20 20 45.92 47.92 48.81 10504 0.00 0.00 0.00     0 45.42 47.54 48.34  9208     0 0.178
  2 20 20 45.92 47.92 48.81 10504 0.00 0.00 0.00     0 45.42 47.54 48.34  9208     0 0.180
  2 20 20 45.92 47.92 48.81 10504 0.00 0.00 0.00     0 45.42 47.54 48.34  9208     0 0.202
  2 20 20 45.92 47.92 48.81 10504 0.00 0.00 0.00     0 45.42 47.54 48.34  9208     0 0.096
  2 20 20 45.92 47.92 48.81 10504 0.00 0.00 0.00     0 45.33 47.56 48.37  7716     0 0.106
  2 20 20 45.92 47.92 48.81 10504 0.00 0.00 0.00     0 45.33 47.56 48.37  7716     0 0.111
  2 20 20 45.92 47.92 48.81 10504 0.00 0.00 0.00     0 45.37 47.56 48.38 10236     0 0.140
  2 20 20 45.92 47.92 48.81 10504 0.00 0.00 0.00     0 45.37 47.41 48.28 18028     0 0.119
  2 20 20 45.92 47.92 48.81 10504 0.00 0.00 0.00     0 45.37 47.41 48.28 18028     0 0.119
  2 20 20 45.92 47.92 48.81 10504 0.00 0.00 0.00     0 45.37 47.41 48.28 18028     0 0.111
  2 20 20 45.92 47.92 48.81 10504 0.00 0.00 0.00     0 45.37 47.41 48.28 18028     0 0.114
  2 20 20 45.92 47.92 48.81 10504 0.00 0.00 0.00     0 45.37 47.41 48.28 18028     0 0.117
  2 20 20 45.92 47.92 48.81 10504 0.00 0.00 0.00     0 45.37 47.41 48.28 18028     0 0.125
  2 20 20 45.92 47.92 48.81 10504 0.00 0.00 0.00     0 45.37 47.41 48.28 18028     0 0.115
  5 20 20 45.92 47.92 48.81 10504 0.00 0.00 0.00     0 45.19 46.71 47.55 23304     0 0.137
  5 20 20 45.92 47.92 48.81 10504 0.00 0.00 0.00     0 45.19 46.71 47.55 23304     0 0.143
  5 20 20 45.92 47.92 48.81 10504 0.00 0.00 0.00     0 45.02 47.02 47.79  6259     0 0.146
  5 20 20 45.92 47.92 48.81 10504 0.00 0.00 0.00     0 45.02 47.02 47.79  6259     0 0.117
  5 20 20 45.92 47.92 48.81 10504 0.00 0.00 0.00     0 45.02 47.02 47.79  6259     0 0.113
  5 20 20 45.92 47.92 48.81 10504 0.00 0.00 0.00     0 45.20 46.92 47.70  9222     0 0.310
246 20 20 45.67 46.77 47.49 30080 0.00 0.00 0.00     0 45.43 45.61 46.23  8832     0 0.701
 20 20 20 45.92 47.92 48.81 10512 0.00 0.00 0.00     0 45.19 46.04 46.79  9088     0 0.296
 20 20 20 45.92 47.92 48.81 10512 0.00 0.00 0.00     0 45.19 46.04 46.79  9088     0 0.322
 20 20 20 45.92 47.92 48.81 10512 0.00 0.00 0.00     0 45.19 46.04 46.79  9088     0 0.214
  5 20 20 45.92 47.92 48.81 10504 0.00 0.00 0.00     0 45.20 46.92 47.70  9222     0 0.162
  5 20 20 45.92 47.92 48.81 10504 0.00 0.00 0.00     0 45.20 46.92 47.70  9222     0 0.168
  5 20 20 45.92 47.92 48.81 10504 0.00 0.00 0.00     0 45.20 46.92 47.70  9222     0 0.646
  5 20 20 45.92 47.92 48.81 10504 0.00 0.00 0.00     0 45.20 46.92 47.70  9222     0 0.612
  5 20 20 45.92 47.92 48.81 10504 0.00 0.00 0.00     0 45.20 46.92 47.70  9222     0 0.429
  5 20 20 45.92 47.92 48.81 10504 0.00 0.00 0.00     0 45.20 46.92 47.70  9222     0 0.625
  5 20 20 45.92 47.92 48.81 10504 0.00 0.00 0.00     0 45.20 46.92 47.70  9222     0 0.534
  5 20 20 45.92 47.92 48.81 10504 0.00 0.00 0.00     0 45.20 46.92 47.70  9222     0 0.611
  5 20 20 45.92 47.92 48.81 10504 0.00 0.00 0.00     0 45.20 46.92 47.70  9222     0 0.558
  5 20 20 45.92 47.92 48.81 10504 0.00 0.00 0.00     0 45.20 46.92 47.70  9222     0 0.737
  5 20 20 45.92 47.92 48.81 10504 0.00 0.00 0.00     0 45.20 46.92 47.70  9222     0 0.533
 20 20 20 45.92 47.92 48.81 10512 0.00 0.00 0.00     0 45.19 46.04 46.79  9088     0 0.764
 20 20 20 45.92 47.92 48.81 10512 0.00 0.00 0.00     0 45.19 46.04 46.79  9088     0 0.541
 20 20 20 45.92 47.92 48.81 10512 0.00 0.00 0.00     0 45.19 46.04 46.79  9088     0 0.551
 20 20 20 45.92 47.92 48.81 10512 0.00 0.00 0.00     0 45.19 46.04 46.79  9088     0 0.689
 20 20 20 45.92 47.92 48.81 10512 0.00 0.00 0.00     0 45.19 46.04 46.79  9088     0 0.529
 20 20 20 45.92 47.92 48.81 10512 0.00 0.00 0.00     0 45.19 46.04 46.79  9088     0 0.308
